-1.1539 -3.293 -3.9973 -1.8773 -1.6926 -1.2218 -1.4946 -0.96428 -0.62642 -0.044718 0.87478 1.5483 1.6561
-5.4943 -0.8109 -1.4551 -2.3672 -2.1096 -2.3205 -1.7978 -0.35577 -0.1454 0.23898 0.59507 0.99249 1.5996
-3.7017 -1.585 -3.3187 -2.0075 -1.3693 -1.4063 -0.68176 -1.3059 -0.98107 -1.1748 -0.1982 0.83014 1.36
-1.3363 -3.4767 -3.5973 -2.1347 -1.9559 -0.98345 -1.4762 -1.0311 -0.15617 0.9494 2.3137 2.2946 0.91541
-3.8645 -1.3815 -2.4572 -2.5325 -2.603 -1.8292 -0.93792 0.012082 0.47628 1.1703 1.7034 1.8476 0.74387
-0.93559 -1.6454 -2.5104 -1.9294 -1.0232 -0.8956 -0.81458 -0.77117 -1.1622 -1.201 -0.96785 -0.65796 -0.86873
-2.3975 -3.2928 -3.2159 -2.973 -1.777 -0.30599 -1.7236 -0.50125 0.86625 1.3219 2.578 1.7403 0.096462
-0.63754 -4.1964 -1.6572 -1.2262 -3.062 -1.6217 -2.4116 -0.5956 0.30317 -0.14596 0.6535 0.90492 1.7509
-3.6042 -2.5571 -1.9545 -0.20749 -2.3373 -2.5665 -1.1154 -1.3471 0.41299 -0.11618 -0.056752 0.86729 1.5659
-1.2283 -3.7795 -3.882 -2.12 -2.2166 -0.73451 -0.88523 -0.37666 0.78264 2.097 2.1526 1.1069 0.24381
-2.6239 -3.707 -4.0933 -2.1533 -1.2048 -0.40741 -1.3177 0.12195 1.8006 2.1904 2.3475 0.49642 -0.81488
-1.3709 -1.7966 -2.6283 -1.776 -1.1141 -1.7328 -1.7393 -1.4775 -1.2688 -0.7579 -0.50593 0.14224 0.38029
0.42173 -2.7067 -3.0927 -2.1902 -2.2589 -3.0341 -2.0703 -0.60816 -0.074738 0.8338 0.048974 1.4179 1.5548
-2.664 -3.3584 -3.6716 -2.2434 -1.9049 -0.25933 -0.38559 0.88607 2.3931 2.4496 1.492 -0.42261 -1.6253
0.48191 -4.4494 -2.9043 -2.9379 -0.43133 -0.91965 -1.5443 -0.42832 -1.8578 -0.94757 -0.18083 0.81952 1.1773
-1.3194 -1.6751 -1.8959 -1.113 -0.84954 0.10389 -0.61258 -0.08341 -0.08464 -0.093221 0.034265 -0.1943 -0.17206
