-0.94226 -2.3945 -2.6985 -1.4779 -0.97926 -1.7434 -1.4497 -1.3694 -1.4297 -0.69233 -0.78595 -0.10544 0.051113
-2.9672 -1.9251 -1.669 -0.94453 -0.17374 -0.49841 -0.21778 0.04275 0.036474 0.043838 0.0068555 0.22225 -0.096821
-2.5369 -4.5516 -2.6679 -1.9347 -1.1476 -1.3422 -1.0928 -0.71402 -0.52988 0.92527 1.7872 2.2493 0.77134
-4.3852 -4.0413 -1.8866 -1.7755 -1.1895 -1.2504 -0.089307 0.85223 1.2927 2.1193 1.4803 0.26779 -1.3753
-6.7683 -1.721 -0.080875 -0.92936 -0.74684 -1.1872 -2.8977 -0.079673 -0.93226 -0.69246 -0.53091 0.4559 0.32845
-4.5088 -3.5898 -0.81913 -1.5632 -1.6352 -0.77858 -1.0305 -0.75854 -1.1431 -0.89647 -1.1191 -0.43974 -0.28593
0.80725 -5.5855 -4.0879 -1.0398 -1.5994 -0.45778 -1.2787 -1.0128 -0.9489 -0.56284 0.23949 1.4088 1.6838
-6.2356 -1.7284 -1.2302 -1.0542 -1.4474 -2.251 -0.84761 0.78773 -0.082605 0.68984 1.5723 2.0328 0.66256
-1.6064 -2.7794 -3.5457 -2.7499 -0.72025 -1.3562 -1.288 -0.88207 -1.2421 -0.42541 -0.037549 1.12 1.259
1.9301 -4.6358 -3.812 -0.97711 -1.5931 -0.14008 -1.0312 -1.3345 -0.77679 -1.0158 -0.97335 -0.45275 -0.24691
-4.4865 -4.6452 -0.97971 -2.5443 -1.4674 -0.89017 -0.9737 -0.90498 -1.3247 -0.77445 -0.33274 1.0791 1.2958
-4.7909 -3.272 -2.3859 -0.96634 -0.39627 -2.8888 -1.3318 -0.30855 -0.45873 0.034621 -0.058632 0.99076 1.5728
-5.5117 -2.1716 -0.35797 -1.9413 -0.72765 -2.5449 -1.2438 -0.59072 -1.2478 -1.6426 -0.29019 0.3632 0.37457
-6.7087 -1.4543 -1.1889 -1.2273 -1.374 -2.36 -1.4835 0.056546 -0.70685 -0.10038 0.27433 0.87536 1.3786
-5.09 -2.3517 -1.8753 -0.41202 0.27126 -2.1329 -2.6359 -0.38004 -1.4089 -0.24534 -0.5401 0.11884 0.27823
3.3245 -5.1572 -3.0725 -2.1986 -1.8923 -0.37123 -1.5279 -1.0118 -1.6191 -1.2215 -0.64514 0.33363 0.97805
