-2.855948 -7.752599 -0.285780 -2.146143 0.778043 -1.181585 -2.540792 -0.914124 0.047536 -1.405397 -1.605959 0.202534 -0.141503 
-2.490932 -7.262857 -1.192398 -1.985329 0.603064 -1.220251 -2.020477 -1.086694 0.055759 -1.291573 -1.515929 -0.005153 -0.287412 
-2.053401 -7.865003 -0.523035 -2.815326 0.556660 -0.825589 -1.528583 -0.936190 -0.049173 -1.245697 -1.583180 0.103050 -0.407484 
-3.012277 -5.530755 -0.497050 -1.966502 -0.151190 -1.143418 -1.500637 0.517156 0.089523 -0.569115 0.138259 0.680935 0.112349 
-4.505844 -6.835432 -0.009399 -2.702322 0.298783 -0.340425 -3.075680 0.639150 -0.206638 -1.703923 -0.940968 0.192416 0.393494 
-4.852633 -6.809616 0.965533 -1.664712 0.277167 -1.020209 -2.656153 0.720413 -0.247208 -1.674991 -0.687209 0.916658 0.516439 
-5.465508 -7.250524 0.478465 -1.897146 -0.317183 -1.535044 -2.341791 -0.038890 -0.783023 -1.701888 -1.041021 0.945773 0.362058 
-5.435041 -6.569942 0.994346 -1.435116 -0.330707 -1.288811 -2.107952 0.384711 -0.488971 -1.409551 -0.797243 1.436260 0.555751 
-5.607872 -6.316188 1.516172 -1.472323 -0.170727 -1.064443 -2.538599 0.531539 -0.718206 -1.393721 -0.544282 1.459163 0.660083 
-5.717953 -5.686771 1.457987 -1.354571 -0.454325 -0.961359 -2.902304 0.159834 -0.696337 -1.080474 -0.515029 1.188817 0.381182 
-5.740782 -5.138800 1.252962 -0.987203 -0.259459 -0.712434 -2.805434 -0.036449 -0.523574 -0.678817 -0.307095 1.362031 0.595191 
-6.002378 -5.598989 1.344844 -1.494676 -0.566973 -0.911573 -3.221510 0.087179 -0.657171 -0.827803 -0.437020 1.155478 0.405401 
-6.136785 -5.467159 1.203557 -1.897124 -0.820425 -0.922231 -3.421761 0.292879 -0.761598 -0.798060 -0.329537 1.018876 0.695469 
-6.040543 -5.252736 0.798396 -2.018129 -0.887650 -0.794582 -3.363939 0.153126 -0.817990 -0.656105 -0.108443 1.081991 0.702903 
-5.911738 -4.584725 0.300429 -2.547745 -1.507399 -0.670154 -3.575327 0.182489 -1.073418 -0.840983 -0.113629 0.899089 0.612752 
-5.913152 -4.290919 -0.033173 -3.151462 -2.029039 -0.685223 -3.913541 0.309830 -1.278288 -1.088641 -0.241970 0.763514 0.691043 
-5.374146 -3.993939 0.678551 -3.061980 -1.831829 -0.345603 -3.755854 0.710630 -1.141491 -0.930390 -0.006818 0.723958 0.820693 
-3.110727 -3.659702 -1.373673 -3.946017 -1.483364 0.335567 -2.066776 0.081113 -2.014397 -1.566154 0.195308 -0.260044 0.688698 
-3.691720 -4.553693 -0.283702 -4.281313 -1.337122 0.754618 -3.045369 0.123506 -1.940842 -1.909875 -0.107028 -0.049923 0.558423 
-4.337618 -5.205184 -0.124391 -4.343649 -1.650901 0.539869 -2.873368 -0.470335 -2.002958 -1.512266 -0.720402 -0.018908 0.117378 
-4.348053 -5.369625 0.355276 -4.345055 -1.535784 0.600914 -2.908956 -0.493731 -2.024201 -1.133601 -0.835836 -0.057412 0.059643 
-4.696765 -5.623256 0.515894 -4.448015 -1.870578 0.300392 -3.074234 -0.854427 -2.082520 -0.967218 -1.294277 0.075923 -0.153641 
-4.214250 -5.171118 1.223810 -3.930080 -1.542165 0.563216 -2.738491 -0.491566 -1.794014 -0.622682 -0.898671 0.240003 -0.054603 
-4.887236 -6.100124 1.527066 -4.643428 -2.317523 0.106922 -3.083958 -0.843957 -2.290009 -0.884944 -1.495300 0.195050 -0.561212 
-4.415516 -5.509614 2.579716 -3.906926 -2.180272 0.126429 -2.615142 -0.283271 -2.030427 -0.704735 -1.327972 0.748686 -0.367661 
-2.901400 -4.878563 -0.528894 -3.968505 -1.262972 -0.006429 -1.770782 0.448709 -1.976099 -1.969347 -0.212920 -0.655394 -0.135897 
-3.644910 -5.103913 -0.708118 -3.492066 -0.919884 -0.028916 -2.221865 0.454344 -1.524237 -1.887155 -0.452936 -0.432380 -0.327521 
-4.011794 -5.089893 -0.741634 -3.228686 -0.939038 0.037489 -2.491692 -0.195775 -1.103162 -1.458331 -0.908879 -0.128248 -0.530399 
-4.378203 -5.948571 0.660941 -3.761609 -0.643796 0.479140 -3.354992 0.154531 -1.212834 -1.416292 -0.670325 -0.085860 -0.421744 
-4.585053 -5.719473 -0.046423 -2.933570 -0.804319 -0.152398 -2.545010 -0.582236 -1.177806 -1.215902 -0.949105 0.212319 -0.663240 
-4.439495 -6.159598 1.352136 -3.204087 -0.397694 0.614183 -2.615506 0.109771 -1.089732 -1.030267 -0.509546 0.302928 -0.536349 
-4.916202 -6.856128 1.747964 -3.735524 -0.660416 0.350152 -3.025776 0.093868 -1.492238 -1.133188 -0.668817 0.141752 -0.554435 
-4.553555 -6.463041 1.860777 -3.220966 -0.387519 0.704073 -2.470202 0.162267 -1.193500 -0.965523 -0.461561 0.635390 -0.464071 
-4.847398 -6.511293 1.333850 -3.329749 -0.880395 0.151324 -2.699354 -0.283832 -1.419729 -1.139181 -0.797991 0.371989 -0.713652 
-5.028585 -6.864460 1.042979 -3.570121 -0.989934 -0.260270 -3.031301 -0.308038 -1.577120 -1.439101 -0.921466 0.167524 -0.810148 
-4.810484 -6.344649 1.247774 -3.225646 -0.893489 0.074915 -2.445156 -0.232754 -1.474463 -1.109749 -0.725931 0.508520 -0.712468 
-4.968605 -6.679156 1.054513 -3.587057 -1.055966 -0.050167 -2.787297 -0.323394 -1.612327 -1.389862 -0.946248 0.350295 -0.799393 
-4.593086 -6.546394 1.437033 -3.455501 -0.872788 -0.031587 -2.805598 -0.017573 -1.375294 -1.195758 -0.790011 0.260436 -0.590122 
-4.110543 -6.443910 1.526366 -3.332963 -0.601167 0.128733 -2.649405 0.108266 -1.185237 -1.162684 -0.566377 0.284656 -0.478236 
-4.342821 -7.193139 2.060359 -4.417088 -0.779139 0.337291 -3.325087 0.347504 -1.572690 -1.393802 -0.878310 0.115549 -0.391548 
-3.647004 -6.767600 2.038656 -4.109614 -0.692727 0.420219 -2.985783 0.409876 -1.158680 -1.249871 -0.552519 0.002020 -0.461988 
-3.389422 -6.125000 0.480209 -3.517408 -1.300674 -0.386919 -2.194358 -0.587403 -1.098580 -1.176528 -1.268869 0.104211 -0.593003 
-3.432855 -4.903796 -0.621950 -3.624313 -1.143523 0.271270 -1.187939 0.650829 -2.152245 -1.910999 0.064223 0.139226 -0.548644 
-4.376976 -5.695290 0.101748 -3.521433 -1.087196 0.213638 -1.820775 0.806385 -1.926530 -1.940976 -0.175330 0.241761 -0.256708 
-4.739389 -5.634234 0.594055 -3.046768 -0.845285 0.145000 -2.333046 0.631934 -1.662465 -1.685707 -0.288698 0.224051 -0.210872 
-5.123907 -6.079749 0.785134 -3.217901 -1.013880 -0.120440 -2.574951 0.300483 -1.677299 -1.437798 -0.471845 0.171357 -0.204394 
-5.035274 -5.873440 1.174425 -2.824901 -0.805954 -0.002128 -2.531976 0.274609 -1.423667 -1.167910 -0.398000 0.395868 -0.119832 
-5.263264 -6.038791 1.017746 -2.928511 -0.969606 -0.203484 -2.571631 -0.156762 -1.524105 -0.943479 -0.586533 0.257675 -0.247126 
-5.098330 -5.814981 1.017942 -2.596549 -0.654021 -0.242923 -2.586877 -0.062193 -1.322747 -0.786842 -0.482890 0.258959 0.109355 
-5.294498 -5.961721 0.872137 -2.675686 -0.808032 -0.462118 -2.911948 -0.087440 -1.275013 -0.998132 -0.509881 0.156572 -0.000350 
-5.305800 -5.785110 0.987522 -2.484082 -0.540343 -0.125504 -2.919944 -0.071586 -1.131511 -0.803358 -0.254823 0.434286 0.260095 
-5.858529 -6.372421 0.766204 -3.061713 -1.025222 -0.639749 -3.663293 -0.305283 -1.551911 -1.321005 -0.570305 0.051479 0.003905 
-5.383564 -5.400170 1.162534 -2.273139 -0.658175 -0.268618 -3.185854 0.256635 -0.986054 -0.913524 -0.260541 0.705697 0.447448 
-5.454147 -5.252123 1.153543 -2.234690 -0.699960 -0.276917 -3.150056 0.172715 -1.016506 -0.793690 -0.203776 0.778537 0.523743 
-5.615652 -5.198707 1.227205 -2.061395 -0.780016 -0.628373 -3.632634 0.107747 -0.848114 -0.922960 -0.342742 0.876804 0.566372 
-5.725338 -5.523883 1.676838 -2.072796 -0.519373 -0.483681 -3.686852 0.235692 -0.899667 -0.649716 0.241433 0.681271 0.620565 
-6.021440 -5.548218 1.217211 -2.263430 -1.108022 -0.997208 -3.819506 0.047411 -0.828414 -0.890271 -0.339601 0.834162 0.385569 
-6.181680 -5.933064 1.429740 -2.671081 -1.128831 -0.995721 -3.968369 0.248109 -1.154762 -0.939764 -0.051007 0.717324 0.642425 
-6.138330 -5.378644 1.263700 -2.485415 -1.463097 -0.994213 -3.541213 0.185989 -1.114451 -0.803359 -0.225988 1.046332 0.530588 
-6.544903 -5.707771 0.824951 -2.918297 -1.904044 -1.646901 -4.012058 -0.138717 -1.437405 -1.004961 -0.355708 0.824672 0.436180 
-5.714108 -4.894123 1.323062 -2.392568 -1.455043 -1.196692 -3.721427 0.692057 -0.811942 -0.824957 0.030754 1.066493 0.643687 
-5.781221 -5.546317 1.094080 -2.506454 -1.184068 -1.149412 -3.551850 0.571711 -0.928897 -0.750309 0.369479 0.935122 0.632311 
-5.336395 -5.579917 0.722048 -2.462444 -0.896779 -1.123376 -3.432755 1.020511 -0.833186 -1.126367 0.536413 0.951809 0.695647 
-5.318415 -5.305861 0.165695 -2.490604 -1.198908 -1.215020 -3.152306 0.730935 -0.803824 -0.893007 0.540878 1.158786 0.557983 
-5.280011 -5.081019 0.380930 -2.630335 -1.548742 -1.165614 -3.218367 0.825618 -0.676346 -0.665138 0.784008 1.502221 0.532529 
-5.713966 -5.925214 0.764536 -3.224517 -2.145339 -1.743068 -3.563483 0.746909 -1.065845 -0.708187 1.025025 1.446208 0.260290 
-5.810799 -6.059108 0.717676 -3.585396 -2.188312 -1.222489 -3.318401 0.638961 -0.773355 -0.155499 0.853948 1.859758 0.680000 
-5.824363 -5.830633 0.744952 -4.104818 -2.537480 -0.972245 -3.442760 0.983501 -0.898374 -0.116066 1.177197 1.816864 0.861971 
-5.563769 -5.655208 1.274374 -3.876395 -2.450003 -1.207606 -3.617448 0.818733 -0.696898 0.320684 1.103280 1.821159 0.864173 
-5.329923 -5.231712 1.087125 -3.797882 -2.758717 -1.559345 -3.604208 0.561887 -0.456616 0.444886 1.035880 1.785413 0.776141 
-4.926789 -5.250041 2.139558 -4.099257 -2.854836 -1.110083 -3.601125 0.705994 -0.707364 0.661181 0.954787 1.758341 0.622540 
