2.48098e-13  7.35405e-14  3.22695e-22  6.51471e-20  1.51843e-23  3.19983e-12  7.90847e-21  1.30789e-25  3.92558e-16  1.28452e-16  4.2353e-14  1.39396e-20  1.67791e-17  8.37764e-27  1.25763e-24  2.65077e-19  
8.24726e-12  9.44604e-13  2.51699e-21  1.43017e-18  2.57049e-24  4.58963e-11  2.68082e-19  8.8273e-25  5.92695e-15  1.08546e-13  9.50545e-14  2.89901e-19  2.62985e-16  2.49106e-26  2.73869e-22  2.7169e-17  
6.41693e-13  3.95596e-13  1.03395e-21  1.43627e-18  1.13499e-28  1.16317e-11  1.02111e-20  2.79546e-26  4.90355e-16  8.0189e-15  2.66999e-14  4.50048e-22  3.78029e-18  2.71727e-29  6.25798e-27  1.60265e-17  
5.96306e-12  5.09973e-09  1.19044e-12  1.47005e-13  3.32998e-17  9.00506e-11  8.96522e-16  1.60362e-13  9.54213e-12  4.77314e-15  3.54643e-10  6.2489e-12  9.31471e-13  6.33156e-15  1.42031e-15  1.10867e-17  
1.20454e-14  2.29181e-13  6.64138e-21  2.18384e-20  3.88881e-16  7.15686e-12  6.60584e-21  1.14871e-21  1.57526e-15  3.583e-18  2.37751e-12  7.42443e-19  8.75829e-17  2.41514e-20  2.89959e-20  8.86381e-21  
3.42279e-15  2.2553e-13  2.28643e-18  6.60793e-20  1.42359e-14  6.05543e-13  1.95384e-20  8.96166e-19  1.98269e-15  5.51983e-21  4.98982e-12  1.22203e-16  2.10642e-14  5.30653e-18  2.83804e-20  2.09377e-22  
1.47538e-13  7.72284e-14  1.56686e-18  1.9856e-20  7.20398e-14  2.05752e-11  1.08223e-18  3.59845e-19  9.55928e-15  1.72787e-19  2.19374e-10  2.01013e-16  1.33474e-11  4.23304e-18  1.95833e-20  2.34554e-20  
1.58117e-14  1.55898e-13  2.34194e-16  6.56701e-19  6.02438e-13  1.0606e-12  1.44729e-18  1.18391e-16  2.058e-14  5.54335e-21  1.61471e-10  9.81067e-15  5.77517e-12  2.46276e-16  2.74758e-19  1.05009e-21  
3.26747e-15  3.72015e-14  2.25391e-16  8.76017e-20  1.62399e-12  1.1544e-13  5.58601e-20  6.09045e-17  6.9009e-15  8.01204e-23  3.09546e-11  2.64998e-15  4.56327e-13  3.27537e-16  5.59262e-19  5.65195e-23  
1.44158e-13  1.01815e-12  5.36383e-16  9.55046e-19  4.10999e-10  4.80707e-12  8.94288e-20  2.83665e-16  3.58857e-14  4.48953e-21  1.26632e-10  4.44451e-14  1.37785e-12  1.68727e-14  8.42502e-16  3.06113e-22  
1.47891e-13  2.80165e-12  3.70978e-14  1.56327e-17  2.09339e-09  9.08697e-13  2.43491e-18  1.68134e-14  3.13093e-13  4.26741e-21  2.97202e-10  1.43505e-12  3.49976e-13  6.43391e-13  2.58699e-14  2.2474e-22  
1.13585e-13  1.04989e-12  1.06113e-15  2.38449e-18  1.28917e-09  3.69313e-12  8.83011e-20  8.59197e-16  3.73335e-14  2.91436e-21  1.69723e-10  6.32468e-14  1.56766e-13  7.65989e-14  1.68645e-15  8.98118e-23  
6.46633e-14  3.29208e-13  8.96351e-16  1.07901e-18  1.38037e-09  3.46426e-12  1.86476e-19  1.45604e-15  6.29557e-14  1.72408e-21  4.52691e-10  1.12803e-13  4.89818e-14  9.22607e-13  2.61988e-15  1.0669e-22  
1.76295e-13  7.72795e-13  1.65153e-14  4.9216e-18  3.16482e-09  4.3293e-12  5.56734e-18  2.34718e-14  5.06631e-13  1.48454e-20  2.56882e-09  6.92526e-13  1.02773e-13  8.09198e-12  2.5402e-14  1.05055e-21  
9.73827e-13  5.38827e-13  2.42278e-15  7.76206e-19  6.2503e-09  2.67487e-11  7.99599e-18  6.44749e-15  1.88099e-12  3.56545e-19  6.60325e-09  3.82532e-13  9.54289e-14  3.86464e-11  5.14025e-13  2.10739e-20  
3.76382e-13  2.38765e-14  3.2692e-17  1.40032e-20  2.83513e-10  9.13696e-12  9.96006e-19  1.07194e-16  8.78608e-13  1.66655e-19  2.18801e-09  2.12588e-14  1.69053e-15  1.18026e-11  1.03569e-13  1.70422e-20  
5.94706e-14  4.96494e-14  1.17741e-16  6.73781e-20  9.78822e-11  4.17605e-12  6.84781e-20  3.7678e-16  3.34077e-13  1.47733e-20  4.43226e-10  1.19491e-14  1.60746e-16  9.34837e-12  5.30691e-14  3.61056e-21  
3.13212e-11  1.06152e-13  1.26278e-17  2.17537e-21  3.56472e-19  1.81304e-10  4.06974e-17  7.33972e-21  4.45134e-11  2.22034e-14  3.50488e-10  2.06215e-17  5.43516e-15  4.03924e-17  2.0391e-14  8.1002e-14  
2.44198e-13  1.82538e-15  3.00717e-20  4.19347e-24  1.26983e-18  1.12418e-11  9.17068e-20  1.64388e-23  3.97382e-13  2.43085e-17  8.0445e-11  1.89843e-20  2.09471e-18  5.90893e-19  7.09676e-17  2.74631e-16  
2.73383e-12  4.32419e-15  1.02089e-20  4.79378e-23  1.5958e-17  2.49836e-10  1.87124e-20  3.36872e-24  1.2475e-13  1.47901e-16  1.29861e-10  2.60603e-20  1.35321e-17  5.8904e-20  1.94755e-17  1.913e-16  
1.81209e-12  5.32016e-15  1.03418e-20  2.23803e-22  1.13594e-17  2.41925e-10  1.36538e-21  1.66921e-24  3.47587e-14  2.50776e-17  4.65419e-11  1.46074e-20  1.68451e-18  1.32212e-20  6.68071e-18  3.25596e-17  
8.7868e-13  3.09683e-16  3.21902e-22  8.23187e-23  2.91882e-18  1.21988e-10  5.80027e-23  3.99943e-26  3.73801e-15  3.23969e-18  8.32493e-12  2.59962e-21  5.8788e-20  4.70866e-22  3.11229e-19  1.17042e-18  
2.6929e-12  7.34507e-14  3.75318e-19  1.66819e-20  1.41095e-16  3.45599e-10  6.39772e-22  5.83705e-23  3.81496e-14  3.01543e-18  5.05449e-11  3.09604e-19  3.55582e-18  1.25875e-19  2.22431e-17  6.62358e-18  
1.2126e-14  2.50692e-18  2.02441e-24  7.27526e-24  1.68339e-21  4.15035e-12  1.40269e-27  4.62922e-29  7.74585e-18  7.87676e-22  1.82316e-14  1.98276e-24  4.00834e-23  6.39021e-26  1.47868e-23  4.64712e-22  
2.31233e-14  2.41651e-16  2.82747e-21  4.81855e-22  2.53919e-19  4.10601e-12  2.24947e-26  4.83965e-26  9.74859e-17  5.66029e-23  1.01786e-13  1.41675e-21  2.4469e-20  4.7402e-23  7.62575e-22  1.07123e-21  
4.94148e-12  3.1588e-14  1.85959e-21  8.69227e-22  9.8158e-22  5.98589e-10  1.86351e-22  3.90732e-24  2.7683e-14  1.11212e-14  1.18637e-12  1.75808e-21  4.77607e-15  2.79497e-23  1.63927e-17  3.15542e-15  
1.22387e-11  4.1939e-13  4.29814e-21  1.20298e-20  1.78849e-17  3.34843e-09  9.5935e-22  2.14944e-22  3.87706e-14  5.46666e-14  4.55272e-12  8.09738e-20  6.18614e-14  1.86538e-21  1.36229e-15  5.60527e-16  
1.26685e-10  3.22055e-12  1.97628e-20  3.52871e-19  3.47923e-15  2.17781e-08  2.08482e-20  1.35157e-21  1.71848e-13  6.14017e-13  3.86105e-11  4.57565e-18  1.13876e-13  3.17911e-20  2.95594e-14  6.83443e-16  
1.11007e-13  4.9206e-14  8.01117e-22  3.44875e-21  5.61849e-17  7.96585e-11  1.85662e-24  1.1888e-23  3.82095e-16  7.11608e-18  5.39498e-13  8.64853e-22  1.00666e-18  1.45329e-22  1.10475e-18  1.00229e-19  
5.49444e-11  1.70628e-12  1.02748e-19  5.92807e-19  3.1974e-14  1.19497e-08  7.89062e-21  5.34052e-21  4.1244e-14  1.4652e-14  6.46051e-11  7.24897e-18  1.67749e-13  5.32968e-20  2.03698e-15  2.16504e-17  
1.06071e-13  1.3393e-12  3.81435e-19  3.54655e-19  1.68607e-16  9.43947e-11  6.49272e-24  1.45033e-21  6.2437e-16  8.81133e-19  9.60103e-13  1.34118e-20  1.68257e-17  1.05344e-21  2.62072e-19  2.3593e-20  
6.53689e-15  1.07489e-14  1.88165e-21  3.8907e-21  2.04934e-18  1.33346e-11  7.48375e-27  2.86859e-24  7.21434e-18  3.61699e-21  3.9518e-14  2.48145e-23  1.67491e-19  2.47469e-24  8.83069e-23  3.43594e-22  
1.09039e-14  4.42068e-13  1.7443e-18  1.54134e-19  1.92392e-17  8.78628e-12  2.64546e-24  1.16101e-21  2.09461e-16  8.78266e-21  4.68745e-13  3.17946e-21  2.01881e-18  4.15308e-22  2.21103e-21  2.03505e-21  
2.032e-13  6.22674e-14  2.11823e-20  3.82871e-20  9.84975e-17  2.25209e-10  1.76935e-24  9.80176e-23  1.75621e-16  6.5062e-19  1.20531e-12  3.52214e-21  9.75522e-17  1.19067e-22  2.25158e-20  2.18575e-20  
8.36993e-14  2.32109e-15  1.45609e-22  1.47562e-21  7.67668e-18  1.29715e-10  6.99569e-26  1.85462e-24  1.74245e-17  3.3636e-19  2.0098e-13  1.09022e-22  3.34344e-17  2.11325e-24  1.08005e-21  5.9491e-21  
4.72212e-13  1.71468e-13  1.94128e-19  1.25532e-19  3.30746e-16  3.58202e-10  1.50213e-23  1.07449e-21  7.45131e-16  1.5724e-18  4.411e-12  3.92613e-20  1.25699e-15  1.35917e-21  1.69064e-19  6.89146e-20  
1.20266e-13  4.63687e-15  8.5402e-22  2.70175e-21  1.16301e-17  1.60527e-10  5.49375e-25  4.89963e-24  6.46821e-17  5.89549e-19  6.64085e-13  3.74356e-22  5.44769e-17  1.02037e-23  2.96827e-21  1.76884e-20  
1.67238e-13  6.84739e-14  1.24595e-20  3.15071e-20  4.34549e-17  1.80716e-10  9.94906e-25  7.43223e-23  1.47169e-16  4.26043e-19  7.9642e-13  4.75843e-21  1.02647e-16  1.18287e-22  1.66776e-20  2.86863e-20  
1.93323e-13  5.37412e-13  1.97769e-19  1.48092e-19  1.50114e-17  1.18839e-10  6.74909e-24  5.95705e-22  4.96207e-16  8.14791e-19  1.14156e-12  1.80358e-20  1.50669e-16  3.66158e-22  3.24681e-20  1.12669e-19  
2.24081e-16  1.80064e-16  1.38741e-23  3.14482e-23  2.18655e-22  4.01802e-13  1.17843e-28  2.61594e-27  4.17244e-19  5.37273e-23  1.5186e-15  7.32249e-26  7.60293e-23  4.44693e-27  3.15857e-26  7.41797e-23  
2.28849e-15  1.48057e-14  1.12856e-21  4.88953e-21  3.57403e-22  2.76741e-12  1.69193e-27  3.84789e-25  4.26437e-18  4.09762e-21  3.9209e-15  2.9945e-24  3.88354e-21  3.9328e-26  2.92211e-24  2.36074e-21  
3.41917e-11  3.55375e-13  1.02774e-20  4.63988e-19  3.14141e-19  7.4274e-09  1.79212e-21  2.97424e-23  1.17004e-14  1.23691e-14  1.44704e-11  2.87042e-19  6.88149e-15  5.15014e-23  8.13556e-19  3.42906e-16  
8.16686e-13  1.5149e-13  2.25191e-19  4.37841e-21  1.01028e-20  3.24321e-10  2.74365e-21  8.03976e-22  5.98077e-14  1.54102e-15  6.645e-12  1.80268e-20  1.77251e-15  9.42103e-21  1.5308e-17  7.99369e-17  
1.21235e-13  8.59068e-14  1.42467e-19  1.48102e-21  2.35299e-17  2.56973e-10  1.19281e-21  2.32756e-21  9.70232e-15  2.52412e-17  1.74188e-11  2.47767e-20  3.58379e-15  8.4488e-20  1.74515e-18  2.27655e-18  
4.32831e-13  4.92661e-13  3.61899e-19  9.91947e-21  2.37655e-14  6.75671e-10  7.0134e-22  1.81157e-20  9.94725e-15  1.34456e-17  2.68518e-11  4.41249e-19  3.59077e-14  1.14304e-18  7.20385e-17  5.39328e-19  
7.65979e-13  2.68813e-13  2.69466e-19  1.69677e-20  4.07298e-14  9.73873e-10  3.36992e-22  8.81608e-21  4.74804e-15  4.78341e-18  3.63694e-11  5.23764e-19  4.33564e-14  5.34505e-19  9.42555e-18  2.59263e-19  
1.01184e-12  2.48856e-12  9.79161e-18  2.4726e-19  5.7026e-13  6.84952e-10  1.79683e-21  2.88081e-19  1.46375e-14  2.11419e-18  7.66111e-11  1.26332e-17  7.66383e-14  1.23201e-17  7.74356e-17  1.49021e-19  
4.81212e-12  1.72641e-12  4.03405e-18  4.77358e-19  5.99609e-13  2.50912e-09  1.28282e-21  9.05452e-20  1.28294e-14  7.93616e-18  1.03385e-10  1.25598e-17  1.34375e-13  3.541e-18  8.24932e-17  2.89894e-19  
1.00147e-11  1.10898e-11  7.532e-17  2.57454e-18  1.06652e-11  2.06774e-09  4.36379e-20  2.50445e-18  1.06283e-13  1.2627e-17  4.67268e-10  8.57574e-16  6.23495e-13  2.84974e-16  2.94384e-15  8.19806e-19  
7.37342e-12  3.35077e-12  6.29837e-18  6.25051e-19  1.16127e-11  2.22694e-09  7.27198e-21  6.91327e-19  2.95073e-14  1.34646e-17  2.04205e-10  1.70266e-16  5.78973e-13  6.34232e-17  1.13247e-15  3.13104e-19  
2.40966e-12  8.70895e-12  4.02448e-16  1.98812e-18  4.07189e-11  3.00969e-10  1.83148e-19  2.02799e-17  1.42832e-13  2.28637e-18  6.52166e-10  1.63231e-15  1.01742e-13  2.58355e-15  2.66614e-15  1.36865e-19  
5.1223e-13  1.70126e-14  1.65964e-20  1.19073e-21  4.7198e-13  1.8053e-10  9.18712e-23  1.76291e-21  1.03445e-15  2.77389e-19  2.51023e-11  3.64371e-19  2.69219e-15  9.12005e-19  4.8755e-18  7.14395e-21  
4.93427e-13  2.78453e-12  4.22886e-16  8.32626e-19  2.69761e-10  5.15596e-11  1.76324e-19  9.37286e-17  1.42715e-13  1.64468e-19  5.79958e-10  8.87612e-15  5.43465e-14  5.13047e-14  8.67709e-15  1.48125e-20  
6.22712e-13  2.95288e-12  1.7874e-15  1.49948e-18  5.96292e-10  3.9889e-11  5.73743e-19  3.51186e-16  3.18764e-13  1.22333e-19  1.1624e-09  3.31776e-14  7.87348e-14  2.43571e-13  2.39001e-14  1.70508e-20  
2.49433e-13  4.6051e-13  1.60972e-16  2.30858e-19  1.10027e-09  1.02849e-11  1.29924e-19  1.22927e-16  1.06733e-13  1.6987e-20  5.35416e-10  3.08328e-14  2.25405e-14  2.86749e-13  1.8484e-14  1.687e-21  
1.55077e-14  3.61913e-13  9.60826e-16  6.44927e-19  7.28794e-11  8.12694e-13  3.46824e-21  2.79002e-16  1.10216e-14  1.62439e-22  3.04877e-11  2.93016e-15  1.63232e-16  4.55899e-14  5.15492e-16  1.47248e-23  
1.35447e-13  2.24437e-13  5.6963e-17  2.36763e-19  4.61022e-10  9.2415e-12  1.30423e-20  9.5033e-17  1.96416e-14  4.40728e-21  2.31412e-10  7.12772e-15  9.02767e-15  8.31363e-14  1.14942e-15  1.63834e-22  
9.93483e-15  1.27235e-14  2.6622e-17  1.64435e-20  1.05475e-11  8.95955e-13  1.56632e-21  1.7276e-17  3.68701e-15  6.70189e-23  6.87323e-11  3.84646e-16  2.52596e-16  1.84117e-14  1.23342e-17  1.6501e-23  
8.67749e-14  8.36066e-14  7.59903e-16  2.80193e-19  3.32e-10  3.87839e-12  5.84216e-20  5.89909e-16  5.64721e-14  9.41558e-22  6.21067e-10  2.06742e-14  2.75408e-14  4.61204e-13  7.28004e-16  2.81711e-22  
8.84641e-14  2.33824e-15  6.65888e-18  2.93936e-21  1.22263e-11  2.2778e-12  6.05919e-21  5.9762e-18  1.19959e-14  2.82974e-22  2.67897e-10  1.02128e-15  3.08378e-15  5.23399e-14  4.52211e-17  8.74191e-23  
1.24421e-14  6.76038e-14  9.8551e-16  6.76312e-19  2.3499e-10  6.72999e-13  1.00838e-20  7.08157e-15  3.3996e-14  1.45809e-22  1.13023e-10  7.46669e-14  2.72686e-15  2.8004e-12  2.61063e-15  2.58654e-23  
1.21458e-14  1.33146e-13  9.76125e-15  2.23352e-18  5.12924e-11  7.2039e-13  7.82082e-20  2.41717e-14  4.2831e-14  3.66465e-22  2.01545e-10  4.87517e-14  3.65396e-15  9.32945e-13  3.61732e-16  4.95446e-23  
2.57235e-15  7.18701e-14  4.72532e-15  8.57177e-19  6.05487e-12  2.74018e-13  1.41918e-19  3.12442e-14  3.46398e-14  9.88847e-22  7.59933e-11  2.31012e-14  2.25534e-15  3.52289e-13  1.94917e-16  5.75933e-23  
3.69526e-14  5.55498e-13  2.83166e-13  2.41894e-17  4.76003e-11  1.05747e-12  2.25127e-17  1.58374e-12  8.38697e-13  4.20749e-20  1.19221e-09  1.10894e-12  1.13578e-13  5.89069e-12  5.34788e-15  2.4863e-21  
1.47674e-15  6.78312e-14  1.71349e-12  8.23075e-17  4.99108e-12  2.49826e-14  3.65341e-18  9.96177e-12  2.58439e-13  6.69571e-22  2.02754e-10  3.07681e-13  1.23782e-15  1.37421e-12  2.36465e-16  6.06586e-23  
4.38646e-17  6.33412e-16  8.14145e-14  2.4549e-18  6.88242e-15  7.48021e-16  3.72053e-21  1.62793e-13  2.44732e-15  5.4802e-25  3.71114e-12  4.89406e-16  2.53696e-18  2.47794e-15  2.01048e-20  1.55986e-25  
3.15917e-18  1.4585e-16  3.06041e-12  4.43406e-17  2.95356e-16  1.77278e-17  8.42895e-20  1.21551e-12  6.02098e-15  6.0783e-26  1.05837e-11  6.11078e-16  3.23606e-20  9.54692e-16  2.41565e-22  1.75748e-25  
4.95959e-20  3.89222e-18  8.55653e-13  7.74987e-18  1.62728e-18  2.84284e-19  3.15928e-21  2.20737e-13  8.84004e-16  6.40117e-28  3.92825e-13  2.34322e-17  3.6571e-24  1.43651e-16  5.63451e-24  1.40935e-27  
3.99419e-20  5.36422e-18  1.12202e-12  3.7286e-17  2.15785e-18  1.35097e-19  4.49092e-22  2.86627e-13  5.32723e-16  4.39729e-29  2.01537e-13  6.7866e-17  4.80444e-25  1.75524e-16  1.44595e-23  3.72712e-28  
2.83358e-19  2.2057e-17  2.50901e-12  1.69138e-16  5.97171e-18  3.0899e-19  1.85014e-21  1.08445e-12  2.78252e-15  2.05732e-28  4.52642e-13  1.09985e-15  2.66173e-24  1.52824e-15  2.46311e-22  1.92439e-27  
3.06056e-20  6.7246e-18  2.72557e-13  3.44453e-17  2.23821e-20  3.68472e-20  1.29318e-24  5.5302e-15  1.02526e-16  1.20324e-30  6.92176e-15  4.21904e-18  1.78887e-27  4.2623e-18  1.64776e-24  1.33957e-28  
