2.73948e-23  5.40615e-28  5.01199e-21  6.68416e-35  4.05485e-33  1.58941e-14  3.7933e-50  2.7415e-30  1.38721e-29  2.8667e-38  1.46796e-51  3.38156e-15  3.79994e-26  1.95888e-30  1.09664e-15  2.51541e-13  
2.01685e-22  1.01815e-26  3.01392e-19  2.36832e-33  1.03026e-30  2.51758e-12  7.60181e-46  3.85445e-28  5.04308e-27  3.88655e-34  6.50913e-47  1.02216e-13  1.31302e-23  2.05e-27  1.28501e-14  3.50174e-12  
8.21208e-24  2.15476e-29  8.14673e-21  9.92103e-35  3.87785e-32  5.72202e-13  1.09632e-47  1.65945e-31  2.8138e-31  3.78499e-35  1.3217e-48  2.585e-15  5.82562e-26  6.20188e-28  4.86108e-15  1.35242e-12  
9.61714e-16  7.07138e-16  2.59327e-14  1.31348e-18  1.21385e-16  1.26733e-14  3.37369e-24  8.91169e-18  9.95161e-18  4.26772e-19  4.1411e-27  3.82833e-13  1.07627e-16  3.76412e-20  6.08329e-13  7.44759e-10  
1.33205e-22  2.12303e-23  3.23981e-19  7.12655e-32  6.29405e-30  7.02343e-16  3.04837e-45  2.16746e-28  3.82906e-32  6.30746e-37  6.48249e-49  4.37619e-16  7.78734e-27  2.3653e-30  6.60282e-16  4.88882e-13  
7.90254e-21  5.91838e-22  3.64123e-18  1.73096e-28  1.77827e-27  2.15247e-18  3.00172e-44  1.01171e-26  2.58677e-26  1.6504e-35  1.33505e-48  1.56587e-16  1.7767e-26  1.02002e-31  7.97324e-17  1.29116e-13  
1.81308e-19  4.16566e-22  1.59417e-16  2.49995e-29  1.21396e-28  2.17434e-16  1.10506e-47  5.31848e-26  1.54525e-24  2.48107e-37  7.71804e-53  2.94585e-14  1.91642e-25  3.39685e-33  4.66253e-16  5.28267e-14  
4.65065e-18  8.571e-20  4.10232e-16  8.81169e-26  7.33476e-25  7.00256e-19  5.73852e-43  1.95363e-23  2.16554e-22  8.55533e-34  4.8086e-48  1.63254e-15  3.78747e-24  2.24694e-31  1.8569e-16  6.78102e-14  
7.34039e-19  7.40128e-20  8.34362e-17  8.98932e-26  5.99334e-25  2.85266e-20  2.57588e-43  1.99162e-24  1.4373e-24  2.74057e-35  7.52224e-49  3.89697e-16  1.03153e-25  3.11804e-33  4.75222e-17  2.51486e-14  
1.93255e-18  4.50098e-18  8.36922e-16  4.52684e-25  3.56003e-23  1.43014e-17  7.82678e-41  4.74726e-22  6.01612e-22  6.9074e-34  5.48723e-45  6.99976e-14  6.27705e-24  3.52484e-31  9.61462e-17  4.41907e-13  
4.90936e-16  7.67565e-16  9.613e-15  1.22907e-21  2.88424e-20  5.45323e-19  1.31365e-35  3.94714e-20  1.67834e-19  2.14856e-30  5.99095e-40  1.28682e-13  4.36754e-22  2.82759e-29  2.28857e-16  9.76821e-13  
4.37561e-18  2.4961e-17  6.75782e-16  2.16396e-24  2.61025e-22  7.2507e-18  1.89991e-39  2.1181e-21  4.77448e-22  1.34725e-33  4.14349e-43  9.62073e-14  2.91306e-23  1.62891e-30  4.36421e-17  4.25862e-13  
1.77264e-17  3.68669e-16  1.55715e-15  4.37756e-24  7.35999e-22  1.16736e-18  2.57335e-39  3.9847e-20  1.11098e-22  6.66155e-34  2.50473e-43  7.15048e-14  1.5083e-22  6.16127e-31  6.91821e-17  2.55074e-13  
6.29149e-16  8.78038e-15  1.33968e-14  1.21502e-21  4.96643e-20  1.21618e-18  6.0337e-35  1.19971e-18  1.39142e-21  4.34558e-31  6.81224e-40  3.13733e-13  7.73399e-21  1.7126e-29  6.12094e-16  6.07924e-13  
3.5427e-16  6.54809e-14  5.90792e-14  2.43298e-22  4.66272e-20  4.00541e-17  2.32132e-35  9.06576e-18  5.7995e-23  1.01022e-31  5.12868e-41  2.42479e-12  5.88946e-20  1.17032e-29  3.73188e-15  1.12586e-12  
2.09936e-17  1.68302e-14  1.43772e-14  8.40368e-25  8.32006e-22  2.01381e-17  1.32406e-39  1.61934e-18  8.08206e-27  3.62126e-35  1.88229e-45  6.87655e-13  8.34651e-21  1.0208e-31  2.77291e-15  1.93589e-13  
6.64044e-18  2.62701e-14  2.39934e-15  5.86152e-24  1.0357e-20  1.09904e-18  8.71805e-38  9.96004e-19  6.03228e-27  1.97379e-33  3.71473e-43  4.63438e-14  3.40005e-21  5.8371e-31  1.10529e-15  4.68176e-13  
1.76129e-17  7.44221e-17  6.95395e-13  9.16511e-25  8.95886e-23  7.33696e-14  6.24786e-35  5.26015e-21  1.7289e-32  2.34072e-29  3.75441e-44  1.27947e-11  1.22589e-21  2.00802e-30  1.56272e-10  2.01708e-11  
4.25659e-21  1.6085e-20  5.63226e-16  2.20139e-29  8.51901e-28  1.44227e-15  1.22131e-43  6.38885e-26  6.64924e-39  3.6885e-37  3.92351e-52  1.0063e-13  1.45449e-26  7.5168e-35  8.95206e-13  4.15466e-13  
9.3571e-22  5.61542e-22  1.6914e-16  2.14823e-31  1.24736e-28  2.80904e-13  2.27945e-46  4.73604e-26  1.34515e-37  1.80652e-38  5.94404e-53  6.72537e-13  1.07904e-26  3.50904e-34  1.24501e-13  5.35525e-13  
2.54907e-22  1.54484e-22  1.65303e-17  5.61832e-32  1.34277e-28  1.94025e-13  2.44064e-47  1.6514e-26  4.48585e-38  4.61961e-39  2.05753e-52  2.73475e-13  4.14845e-27  5.573e-34  3.08755e-14  5.86094e-13  
8.48091e-24  2.29807e-24  3.85748e-19  5.69946e-35  1.54549e-30  6.13176e-14  1.12779e-52  1.99299e-27  4.2751e-39  1.31518e-42  2.07716e-56  8.12637e-14  6.06798e-28  2.13769e-35  9.44006e-16  6.68926e-14  
1.14255e-21  2.59498e-21  1.91738e-17  3.30173e-30  2.42868e-26  8.80254e-14  2.00994e-45  3.55284e-25  1.68404e-33  5.64857e-37  7.22611e-49  5.0933e-13  1.17859e-25  3.35927e-32  7.69274e-15  2.30499e-12  
2.17643e-28  8.05909e-29  4.07032e-23  6.97323e-40  1.53548e-33  8.58609e-16  4.52172e-60  7.56617e-32  8.09057e-44  7.49501e-48  6.14784e-62  1.59269e-16  2.75538e-32  2.38165e-38  1.05111e-18  1.89263e-15  
1.14466e-25  2.5085e-25  4.87051e-21  3.26941e-35  1.13657e-29  1.54419e-16  7.69944e-56  2.33332e-28  2.3013e-36  1.21284e-43  8.74006e-58  7.45514e-16  7.66547e-30  1.12401e-36  7.45602e-18  2.24107e-14  
1.91723e-25  1.47012e-23  2.91786e-17  1.01545e-32  6.13256e-28  1.1652e-11  9.6289e-43  1.92194e-27  5.42467e-40  8.01103e-34  1.01177e-49  8.0675e-14  6.19303e-27  3.16694e-31  1.49328e-12  6.32199e-12  
4.82751e-25  7.71088e-23  3.70469e-17  1.88236e-32  1.35255e-27  9.9364e-11  1.75723e-41  1.61245e-27  5.20086e-36  1.64608e-33  2.52397e-47  2.75272e-13  9.44616e-26  2.60582e-29  2.75669e-13  1.65465e-11  
2.57615e-23  1.11019e-21  1.63162e-16  7.51064e-32  1.30708e-26  1.21585e-09  5.9438e-41  1.01931e-25  8.49239e-31  3.03965e-33  6.79945e-45  6.72422e-12  2.42344e-23  2.7101e-27  1.31351e-13  4.65568e-11  
1.29308e-26  3.259e-25  1.67424e-20  2.08443e-34  8.63689e-30  3.51675e-13  1.53611e-46  5.69966e-31  3.48218e-39  3.56579e-39  2.12263e-49  3.22772e-15  5.05091e-29  1.46516e-31  3.68948e-16  8.95365e-13  
2.29408e-23  1.42016e-22  3.60792e-17  1.21023e-31  8.19209e-27  1.41435e-10  4.67358e-42  1.07156e-26  8.22595e-29  1.93312e-34  2.04558e-45  3.1973e-12  3.08919e-24  1.93721e-28  6.41007e-15  1.28188e-11  
3.88039e-25  1.52996e-24  6.00194e-20  4.14345e-31  3.67671e-27  1.41123e-13  5.72886e-42  3.74467e-31  6.48639e-34  3.03655e-35  1.78272e-44  2.78618e-15  1.62705e-28  1.4098e-29  1.17561e-16  4.97536e-12  
5.62254e-28  6.28193e-28  2.66402e-22  2.57277e-35  8.33881e-31  9.98197e-15  2.30069e-49  3.95742e-34  6.33147e-40  4.78085e-41  2.08579e-51  8.66467e-17  2.48248e-32  1.19781e-33  2.91014e-18  1.22631e-13  
7.12609e-25  2.6846e-25  1.84051e-20  2.13774e-30  2.16668e-27  2.72702e-15  4.10191e-43  2.14133e-32  2.22042e-34  4.96781e-36  7.42733e-46  2.84375e-16  7.21288e-30  4.7963e-31  2.27098e-17  1.19187e-12  
3.13642e-26  4.69576e-26  2.72366e-20  1.01186e-33  4.87554e-29  2.91396e-13  1.37712e-46  2.92784e-31  2.41437e-34  1.92987e-38  3.01032e-49  4.44672e-15  3.39794e-29  8.80544e-32  3.14058e-17  5.79786e-13  
1.61449e-28  3.08075e-28  1.1699e-21  3.14917e-37  8.22047e-32  2.75857e-13  3.42646e-51  4.57757e-33  5.80812e-38  4.37699e-42  7.01843e-54  9.50824e-16  7.68803e-31  7.47797e-34  7.61037e-18  6.09654e-14  
3.27128e-25  5.20915e-25  2.19114e-19  3.23492e-32  9.64859e-28  4.26719e-13  1.39246e-44  3.5071e-30  1.73267e-32  9.76299e-37  9.53623e-48  1.10563e-14  4.02236e-28  4.55557e-31  1.05582e-16  1.15867e-12  
1.75171e-27  1.71124e-27  6.03909e-21  5.0044e-36  5.69229e-31  2.74744e-13  5.42933e-50  1.60314e-32  8.93014e-37  5.18118e-41  4.06837e-53  1.64412e-15  3.31481e-30  2.09582e-33  1.72227e-17  1.05998e-13  
2.97195e-26  7.232e-26  2.12224e-20  7.33731e-34  3.63885e-29  2.03324e-13  3.53229e-47  2.36597e-30  4.58824e-35  1.46738e-38  9.88457e-50  3.06492e-15  4.15088e-29  5.37923e-32  7.02899e-17  5.72257e-13  
4.11257e-25  6.63691e-25  9.20592e-20  1.32243e-31  1.00075e-27  1.35382e-13  1.06066e-43  1.70679e-29  1.06765e-33  7.43517e-36  1.5062e-46  4.21238e-15  2.68972e-28  1.00938e-30  3.82987e-16  2.29341e-12  
8.48642e-30  9.82123e-31  2.83642e-24  1.71819e-38  3.65068e-34  1.58773e-16  2.32878e-56  3.44082e-36  2.62442e-46  1.19216e-45  4.8815e-58  1.15335e-18  3.60396e-35  4.41403e-37  8.88205e-19  5.58558e-15  
1.43502e-28  1.64451e-28  6.81545e-23  3.4993e-35  1.3547e-30  2.95114e-15  9.98348e-49  2.47762e-33  5.42575e-42  1.30435e-39  2.39737e-50  1.23993e-17  2.7388e-32  5.94782e-33  1.18922e-17  1.9339e-13  
6.81257e-24  3.36445e-24  4.09049e-18  1.98738e-33  3.98989e-28  5.3283e-11  5.19012e-46  2.42087e-25  1.22311e-30  2.54142e-35  1.77671e-48  7.05389e-13  3.08438e-24  4.50711e-29  2.15579e-14  5.6175e-12  
5.07354e-25  1.10733e-23  2.87047e-17  2.49418e-30  2.79203e-26  2.66369e-12  2.53742e-40  1.71355e-30  1.84103e-36  2.45304e-32  4.7647e-47  8.5131e-15  4.01151e-27  2.34158e-30  9.10813e-14  9.14386e-12  
1.53604e-24  1.24858e-23  9.86048e-18  1.21563e-30  1.18549e-27  1.44181e-13  1.33631e-42  3.93092e-30  4.69319e-36  1.09834e-34  1.26913e-49  2.64268e-15  2.29768e-28  5.36461e-32  5.77156e-15  1.84378e-12  
8.05654e-24  2.50947e-22  1.61463e-17  3.59914e-30  6.38183e-27  3.49349e-13  4.85771e-42  1.77948e-28  5.44006e-33  6.51463e-35  5.60563e-48  2.22361e-14  1.72051e-27  2.0711e-31  2.77726e-15  4.27557e-12  
1.75042e-23  1.42929e-22  1.02635e-17  1.00258e-30  2.97242e-27  4.47605e-13  1.8965e-43  1.6304e-27  9.84921e-33  4.00567e-36  1.34012e-48  5.6453e-14  1.80853e-27  7.06161e-32  1.4032e-15  1.91961e-12  
6.85711e-22  5.36472e-21  4.78053e-17  2.86121e-28  2.94509e-25  1.3084e-13  1.16872e-40  5.06258e-26  3.067e-29  5.7467e-34  3.21871e-45  1.27603e-13  3.52812e-26  1.53982e-30  1.57113e-15  6.25554e-12  
4.8082e-22  2.35323e-21  4.67585e-17  3.26336e-29  1.50153e-25  1.06191e-12  1.49633e-41  1.14894e-25  5.72105e-29  1.48389e-34  2.01002e-45  7.26341e-13  8.86045e-26  2.18958e-30  1.29355e-15  5.61515e-12  
1.04956e-19  4.64589e-19  9.26478e-16  1.24032e-26  8.13745e-24  2.37596e-13  9.00566e-39  4.26077e-23  5.42786e-26  2.5811e-32  9.6928e-43  3.25568e-12  5.67714e-24  2.1113e-29  1.02302e-14  1.76793e-11  
5.70084e-21  6.36825e-20  2.10351e-16  2.8942e-28  5.60486e-25  5.14392e-13  1.49572e-40  1.21391e-23  2.20207e-27  5.28972e-34  1.93865e-44  2.23912e-12  1.34469e-24  4.66089e-30  3.16099e-15  7.04887e-12  
1.00185e-18  3.04944e-18  1.23949e-15  6.04565e-25  4.60561e-23  9.51632e-15  9.05288e-37  1.06105e-22  1.83597e-25  8.80574e-32  3.14051e-41  1.64935e-12  9.48761e-24  2.13908e-29  5.38771e-15  9.79884e-12  
1.751e-23  1.4725e-22  2.93499e-18  3.50785e-32  8.3885e-29  3.88398e-14  1.19409e-47  1.23316e-26  3.81068e-33  1.70792e-40  1.38867e-51  2.18498e-13  1.10303e-27  2.69089e-34  1.18058e-16  1.34016e-13  
2.28221e-18  3.69228e-17  1.45754e-15  1.31877e-24  1.31433e-22  2.68808e-16  6.42446e-38  1.6335e-21  1.24004e-24  9.97482e-33  1.98975e-42  3.58523e-13  3.05787e-23  3.68036e-30  1.8473e-15  3.2066e-12  
1.76231e-17  2.58659e-16  4.70463e-15  1.58539e-23  1.04496e-21  1.03457e-16  1.03726e-36  1.23419e-20  1.27732e-23  6.33081e-32  1.89981e-41  6.49208e-13  1.51321e-22  6.02288e-30  2.67654e-15  3.35428e-12  
3.46911e-18  1.55644e-16  1.42058e-15  4.82685e-25  8.88244e-23  1.84393e-17  2.36902e-40  2.2811e-20  8.13031e-24  8.63068e-35  2.75221e-44  3.38396e-13  9.82093e-23  2.21256e-31  4.88323e-16  6.03098e-13  
5.23532e-19  2.23157e-17  3.16782e-17  7.3628e-24  5.39805e-22  2.15493e-19  1.61087e-37  6.10198e-22  7.62203e-26  1.74529e-33  5.82879e-41  2.00934e-14  1.53548e-24  3.10964e-31  4.27742e-17  4.56976e-13  
2.97557e-19  2.3431e-17  2.16943e-16  5.76056e-26  3.64553e-23  2.86841e-17  1.54208e-41  6.55705e-21  8.0902e-25  7.17168e-36  9.45651e-45  2.03434e-13  3.13336e-23  1.53122e-31  4.71299e-17  2.24943e-13  
7.53474e-20  2.52493e-18  2.24408e-17  1.97994e-26  3.97986e-24  3.16642e-19  3.79781e-43  3.44926e-22  2.64522e-28  1.0285e-37  6.23963e-47  1.1963e-14  4.108e-25  6.88541e-34  1.7257e-17  2.92559e-14  
5.94719e-18  2.90724e-16  1.09036e-15  3.79803e-24  9.34076e-22  2.1296e-18  1.02405e-39  9.56597e-20  1.80529e-24  1.47888e-34  1.97902e-44  1.22974e-13  1.50181e-22  7.22976e-32  1.02295e-16  1.2332e-13  
1.52906e-19  9.05257e-18  1.46434e-16  2.4472e-27  2.11005e-24  5.82247e-18  6.7096e-46  2.92334e-21  1.11273e-27  1.29863e-39  4.14668e-50  1.87602e-13  1.1837e-23  6.6666e-35  2.22292e-17  8.63804e-15  
1.85107e-18  2.27284e-15  2.06852e-16  1.99316e-23  1.89971e-20  7.37384e-20  2.15641e-38  7.24706e-19  2.08951e-24  2.40519e-33  1.93063e-42  8.03503e-15  1.17185e-21  5.62304e-31  3.67796e-17  1.17126e-13  
9.90146e-18  6.69754e-16  1.53472e-16  7.42091e-22  4.7288e-20  5.17112e-20  7.32642e-35  3.01497e-19  9.29828e-25  3.45701e-31  1.10845e-39  9.52919e-15  6.59311e-22  3.37237e-30  1.09345e-16  1.78513e-13  
2.48589e-18  1.3701e-16  4.11894e-17  6.59016e-22  1.37402e-20  1.07252e-20  3.87883e-34  3.03582e-20  4.53584e-26  2.01472e-30  6.1892e-40  5.88465e-16  3.68751e-22  4.33616e-30  1.5952e-16  1.47005e-13  
7.03647e-16  1.58145e-14  2.31729e-15  6.79021e-19  6.30225e-18  1.14332e-19  3.73813e-29  2.00876e-17  1.03263e-22  1.39752e-26  1.04871e-35  1.73169e-14  4.03307e-19  1.6412e-27  3.20431e-15  6.43404e-13  
5.71868e-16  2.42181e-14  1.07772e-16  2.33897e-17  2.07361e-16  2.11649e-22  7.26807e-27  5.72358e-17  4.68769e-24  2.85896e-25  1.12334e-33  4.96379e-16  8.95941e-19  6.97726e-27  4.03278e-16  1.26941e-13  
6.79671e-19  1.30162e-17  6.75661e-20  6.85324e-20  9.80903e-19  3.76855e-24  1.04022e-31  3.05348e-20  1.24184e-29  1.51475e-29  5.52376e-38  9.70428e-18  5.27262e-22  4.07821e-30  4.34309e-18  2.594e-15  
2.04094e-16  1.47611e-16  2.11439e-19  4.28669e-17  8.44052e-17  2.12958e-27  1.11978e-27  1.14356e-18  3.69205e-30  1.40154e-26  9.37707e-35  5.84625e-19  8.50169e-21  1.83855e-28  8.11709e-18  6.06884e-16  
2.19662e-17  2.85674e-17  2.13423e-21  2.19198e-17  7.20497e-17  1.51134e-30  7.81473e-28  9.67642e-20  7.57108e-35  3.00905e-27  3.19671e-35  4.00964e-21  2.63271e-22  1.9952e-29  5.71268e-19  7.36855e-17  
8.41255e-18  8.87776e-17  8.6567e-22  1.98791e-17  2.80555e-16  2.26807e-31  1.31533e-28  4.44691e-19  2.87188e-33  2.99123e-27  4.04447e-34  6.35419e-21  1.52314e-21  5.37437e-29  2.21565e-19  7.43562e-17  
5.50971e-17  3.66909e-15  7.09831e-21  1.60435e-16  6.49923e-15  1.63855e-30  4.87448e-27  4.87523e-17  2.59553e-30  1.16787e-25  4.4595e-32  9.48791e-20  2.17621e-19  1.68099e-27  8.01052e-19  2.20588e-16  
8.52404e-20  8.71084e-18  6.42673e-23  1.00979e-18  1.696e-16  1.88136e-31  9.08028e-31  4.53481e-20  9.36441e-35  6.61114e-28  1.34056e-34  4.6488e-21  8.53268e-23  2.3096e-29  5.78756e-20  9.62056e-17  
