5.5888 2.1604 1.4177 1.9627 0.98288 0.83495 0.4441 0.28879 0.4158 0.26144 0.51511 0.18991 0.14544
2.2042 1.0296 0.99235 0.74418 0.93357 0.82523 0.57111 0.32574 0.42262 0.34703 0.34191 0.23268 0.1984
7.9664 1.5503 1.7866 1.4231 0.58769 0.66318 0.61389 0.39174 0.37414 0.43722 0.19066 0.20544 0.21183
4.0676 1.7494 1.3936 1.5094 1.1914 0.72495 0.35995 0.50042 0.33367 0.31581 0.24957 0.23819 0.11864
6.7242 1.3356 1.6461 2.1175 1.0344 0.67035 0.54331 0.6938 0.42566 0.29247 0.27386 0.42433 0.36044
8.8049 2.5381 1.6769 1.0517 0.63571 0.89585 0.86043 0.5048 0.44289 0.24322 0.20075 0.20993 0.17181
3.8357 1.0684 0.58051 0.62614 1.4589 0.22407 0.1577 0.34125 0.21782 0.22464 0.14779 0.336 0.14852
1.3663 0.49478 0.89483 0.90368 0.3762 0.23844 0.35913 0.22699 0.43896 0.17386 0.46607 0.26015 0.15522
1.1577 1.0664 1.0956 0.3388 0.4315 0.42904 0.28299 0.27061 0.26968 0.18332 0.19049 0.078385 0.22846
1.7926 1.3559 1.0077 1.2293 0.78662 0.31374 0.24158 0.68612 0.25314 0.38563 0.21646 0.36622 0.16802
2.9726 1.0243 0.92731 1.1521 0.96316 0.31529 0.29067 0.42705 0.24999 0.20899 0.16933 0.2351 0.2303
10.714 1.6553 2.1976 1.1199 0.78525 0.84098 0.75319 0.34965 0.34475 0.5449 0.37347 0.2222 0.17788
2.0143 1.0273 0.8206 0.55024 0.57299 0.73392 0.52563 0.43183 0.34244 0.31543 0.50959 0.29035 0.34768
4.0907 1.9075 1.1417 1.2258 0.97265 0.58219 0.60773 0.57459 0.4181 0.47802 0.55266 0.6083 0.41532
1.8178 1.4656 1.439 1.4543 2.024 0.70954 0.90589 0.26596 0.44267 0.4995 0.44689 0.66667 0.28807
5.6917 3.5122 3.0554 1.9533 1.7233 1.3494 1.2219 0.94434 0.83544 0.59249 0.56022 0.35406 0.34045
