4.4827 1.928 2.2894 1.7092 1.2011 0.8261 0.85776 0.55041 0.39231 0.40873 0.37846 0.32934 0.32186
8.312 3.667 2.5374 1.9092 1.3357 1.0088 1.0463 0.60225 0.43595 0.4608 0.31866 0.22784 0.18332
8.4386 2.537 2.8002 2.3379 1.3973 1.2352 0.58972 0.70498 0.52964 0.43846 0.37347 0.37314 0.25693
7.4517 4.1444 2.3242 2.2974 1.2507 0.80967 0.9857 0.90894 0.60372 0.52015 1.0522 1.2568 0.78131
0.48142 1.0005 0.74467 0.57464 0.52962 0.59567 0.44072 0.39397 0.29212 0.36769 0.418 0.28165 0.15949
2.166 2.6815 1.3915 0.96562 0.51674 0.97415 0.88881 0.95415 0.67991 0.42961 0.42708 0.25649 0.37419
3.473 1.099 0.98038 1.2477 0.68041 0.84278 0.64981 0.34589 0.41698 0.53032 0.52864 0.18447 0.21776
1.373 2.8519 0.95223 1.4174 0.69482 0.77027 0.8189 0.97619 0.30998 0.43498 0.31973 0.41907 0.35799
3.5215 1.5132 1.9024 2.0014 1.57 1.3706 0.94349 0.50993 0.62575 0.68042 0.55573 0.32396 0.35399
3.1394 1.2973 0.96015 1.2204 0.55603 0.52014 0.85394 0.73984 0.32423 0.33918 0.39062 0.32238 0.32475
1.9033 1.4965 0.84272 0.96842 0.56347 1.0307 1.2159 0.44663 0.67581 0.65361 0.3798 0.25788 0.30365
1.1624 0.75863 1.502 1.6523 0.90872 0.58668 0.66203 0.42141 0.43887 0.30437 0.42762 0.1923 0.33469
1.398 1.4967 0.84857 0.45173 0.45233 0.40165 0.29473 0.25125 0.29273 0.20646 0.19732 0.496 0.22176
1.0944 1.0775 0.90593 1.1895 0.661 0.83337 1.2301 0.54999 0.59805 0.38705 0.25041 0.1181 0.20466
0.87455 0.4817 0.97298 1.2415 0.58578 0.70831 0.65322 0.44195 0.26615 0.42132 0.41759 0.24841 0.3125
2.0452 1.5811 1.1559 1.0834 0.61262 0.80435 0.59702 0.35517 0.27761 0.4835 0.22845 0.3993 0.31198
